HW,HD,HL
0.254,0.224,0.522
0.518,0.369,0.114
0.342,0.249,0.409
0.171,0.409,0.421
0.855,0.085,0.060
0.612,0.183,0.205
0.391,0.295,0.313
0.427,0.402,0.171
0.320,0.168,0.512
0.106,0.165,0.728
0.233,0.223,0.544
0.706,0.162,0.132
0.609,0.240,0.151
0.110,0.139,0.751
0.526,0.206,0.267
0.229,0.185,0.586
0.649,0.218,0.133
0.494,0.361,0.145
0.393,0.226,0.381
0.583,0.230,0.187
0.336,0.230,0.433
0.361,0.372,0.267
0.876,0.074,0.050
0.327,0.361,0.312
